﻿Survey,Catch,CumulativeCatch,Effort
1,31.4,0,16.717
2,48.6,31.4,24.498
3,28.2,80.0,17.254
4,19.9,108.2,14.764
5,12.2,128.1,12.214
6,17.1,140.3,16.772
7,13.8,157.4,14.757
8,25.0,171.2,33.412
9,28.7,196.2,47.002
10,16.4,224.9,21.984
11,50.7,241.3,70.833
12,28.2,292.0,43.777